              precision    recall  f1-score   support

        Abra     0.9167    0.7333    0.8148        30
  Aerodactyl     0.7500    0.4000    0.5217        30
    Alakazam     0.7308    0.6333    0.6786        30
       Arbok     0.6136    0.9000    0.7297        30
    Arcanine     0.7407    0.6667    0.7018        30
    Articuno     0.9412    0.5333    0.6809        30
    Beedrill     0.6585    0.9000    0.7606        30
  Bellsprout     0.8529    0.9667    0.9062        30
   Blastoise     0.9474    0.6000    0.7347        30
   Bulbasaur     0.6190    0.8667    0.7222        30
  Butterfree     0.8333    0.6667    0.7407        30
    Caterpie     0.4833    0.9667    0.6444        30
     Chansey     1.0000    0.5333    0.6957        30
   Charizard     0.6774    0.7000    0.6885        30
  Charmander     0.5000    0.8000    0.6154        30
  Charmeleon     0.5938    0.6333    0.6129        30
    Clefable     0.7353    0.8333    0.7812        30
    Clefairy     0.9565    0.7333    0.8302        30
    Cloyster     0.8621    0.8333    0.8475        30
      Cubone     0.9286    0.4333    0.5909        30
     Dewgong     0.8000    0.2667    0.4000        30
     Diglett     0.8929    0.8333    0.8621        30
       Ditto     0.8125    0.8667    0.8387        30
      Dodrio     0.5143    0.6000    0.5538        30
       Doduo     0.8077    0.7000    0.7500        30
   Dragonair     0.7037    0.6333    0.6667        30
   Dragonite     0.9333    0.4667    0.6222        30
     Dratini     0.8500    0.5667    0.6800        30
     Drowzee     0.8462    0.7333    0.7857        30
     Dugtrio     0.6111    0.7333    0.6667        30
       Eevee     0.5750    0.7667    0.6571        30
       Ekans     0.7429    0.8667    0.8000        30
  Electabuzz     0.7143    0.8333    0.7692        30
   Electrode     0.8621    0.8333    0.8475        30
   Exeggcute     0.7083    0.5667    0.6296        30
   Exeggutor     0.8800    0.7333    0.8000        30
   Farfetchd     0.6562    0.7000    0.6774        30
      Fearow     0.5714    0.1333    0.2162        30
     Flareon     0.5106    0.8000    0.6234        30
      Gastly     0.6585    0.9000    0.7606        30
      Gengar     0.8667    0.8667    0.8667        30
     Geodude     0.9091    0.6667    0.7692        30
       Gloom     0.8929    0.8333    0.8621        30
      Golbat     0.5909    0.8667    0.7027        30
     Goldeen     0.8947    0.5667    0.6939        30
     Golduck     0.7667    0.7667    0.7667        30
       Golem     1.0000    0.2333    0.3784        30
    Graveler     0.9545    0.7000    0.8077        30
      Grimer     0.8750    0.7000    0.7778        30
   Growlithe     0.4468    0.7000    0.5455        30
    Gyarados     0.9333    0.4667    0.6222        30
     Haunter     0.7619    0.5333    0.6275        30
  Hitmonchan     0.5455    0.8000    0.6486        30
   Hitmonlee     0.3125    0.6667    0.4255        30
      Horsea     0.8261    0.6333    0.7170        30
       Hypno     0.8750    0.4516    0.5957        31
     Ivysaur     0.8286    0.9667    0.8923        30
  Jigglypuff     0.9091    1.0000    0.9524        30
     Jolteon     0.9474    0.6000    0.7347        30
        Jynx     0.5714    0.9333    0.7089        30
      Kabuto     0.3913    0.9000    0.5455        30
    Kabutops     0.7857    0.3667    0.5000        30
     Kadabra     0.6061    0.6667    0.6349        30
      Kakuna     0.9524    0.6667    0.7843        30
  Kangaskhan     0.9091    0.3333    0.4878        30
     Kingler     0.7143    0.6667    0.6897        30
     Koffing     0.7500    0.8000    0.7742        30
      Krabby     0.8065    0.8333    0.8197        30
      Lapras     0.8824    0.5000    0.6383        30
   Lickitung     0.7917    0.6333    0.7037        30
     Machamp     0.8400    0.7000    0.7636        30
     Machoke     0.7407    0.6667    0.7018        30
      Machop     0.9500    0.6333    0.7600        30
    Magikarp     0.6304    0.9667    0.7632        30
      Magmar     0.4038    0.7000    0.5122        30
   Magnemite     0.9167    0.7333    0.8148        30
    Magneton     0.8276    0.8000    0.8136        30
      Mankey     0.7857    0.3667    0.5000        30
     Marowak     0.6667    0.2000    0.3077        30
      Meowth     0.7714    0.9000    0.8308        30
     Metapod     0.6047    0.8667    0.7123        30
         Mew     0.6818    0.5000    0.5769        30
      Mewtwo     0.6667    0.0667    0.1212        30
     Moltres     0.7500    0.5000    0.6000        30
     Mr-Mime     0.4062    0.8667    0.5532        30
         Muk     0.6957    0.5333    0.6038        30
    Nidoking     1.0000    0.6333    0.7755        30
   Nidoqueen     1.0000    0.7333    0.8462        30
   Nidoran-F     0.6190    0.8667    0.7222        30
   Nidoran-M     0.4583    0.7333    0.5641        30
    Nidorina     0.9333    0.4667    0.6222        30
    Nidorino     0.7778    0.4667    0.5833        30
   Ninetales     1.0000    0.0667    0.1250        30
      Oddish     1.0000    0.8333    0.9091        30
     Omanyte     0.9000    0.6000    0.7200        30
     Omastar     0.9000    0.6000    0.7200        30
        Onix     1.0000    0.1000    0.1818        30
       Paras     0.4915    0.9667    0.6517        30
    Parasect     0.5435    0.8333    0.6579        30
     Persian     0.6667    0.3333    0.4444        30
     Pidgeot     0.6000    0.5000    0.5455        30
   Pidgeotto     0.6552    0.6333    0.6441        30
      Pidgey     0.6667    0.5333    0.5926        30
     Pikachu     0.2745    0.9333    0.4242        30
      Pinsir     0.7429    0.8667    0.8000        30
     Poliwag     0.4000    0.9333    0.5600        30
   Poliwhirl     0.7188    0.7667    0.7419        30
   Poliwrath     0.9091    0.6667    0.7692        30
      Ponyta     0.9000    0.6000    0.7200        30
     Porygon     0.7143    0.8333    0.7692        30
    Primeape     0.7200    0.6000    0.6545        30
     Psyduck     0.8286    0.9355    0.8788        31
      Raichu     0.5143    0.6000    0.5538        30
    Rapidash     0.8095    0.5484    0.6538        31
    Raticate     0.9412    0.5333    0.6809        30
     Rattata     0.7500    0.6000    0.6667        30
      Rhydon     1.0000    0.2333    0.3784        30
     Rhyhorn     1.0000    0.3333    0.5000        30
   Sandshrew     1.0000    0.7000    0.8235        30
   Sandslash     0.8261    0.6333    0.7170        30
     Scyther     0.6471    0.7333    0.6875        30
      Seadra     1.0000    0.3333    0.5000        30
     Seaking     0.6757    0.8333    0.7463        30
        Seel     0.8000    0.2667    0.4000        30
    Shellder     0.4912    0.9333    0.6437        30
     Slowbro     1.0000    0.3667    0.5366        30
    Slowpoke     0.5000    0.7333    0.5946        30
     Snorlax     0.6667    0.8000    0.7273        30
     Spearow     0.2427    0.8333    0.3759        30
    Squirtle     0.6757    0.8333    0.7463        30
     Starmie     0.9630    0.8667    0.9123        30
      Staryu     0.8333    0.8333    0.8333        30
     Tangela     0.8333    0.8333    0.8333        30
      Tauros     0.7857    0.7333    0.7586        30
   Tentacool     0.5909    0.8667    0.7027        30
  Tentacruel     0.6571    0.7667    0.7077        30
    Vaporeon     0.8148    0.7333    0.7719        30
    Venomoth     0.9545    0.7000    0.8077        30
     Venonat     0.8571    0.8000    0.8276        30
    Venusaur     0.7059    0.8000    0.7500        30
  Victreebel     0.7500    0.9000    0.8182        30
   Vileplume     0.6522    1.0000    0.7895        30
     Voltorb     0.8387    0.8667    0.8525        30
      Vulpix     0.3810    0.5333    0.4444        30
   Wartortle     0.8148    0.7333    0.7719        30
      Weedle     0.5000    0.7333    0.5946        30
  Weepinbell     0.5625    0.9000    0.6923        30
     Weezing     0.9167    0.7333    0.8148        30
  Wigglytuff     1.0000    0.8667    0.9286        30
      Zapdos     0.9130    0.7000    0.7925        30
       Zubat     0.6486    0.8000    0.7164        30

    accuracy                         0.6806      4533
   macro avg     0.7521    0.6806    0.6768      4533
weighted avg     0.7521    0.6806    0.6768      4533
